_viz_0 = nengo_gui.components.Slider(desired_direction_stim)
_viz_config[_viz_0].max_value = 1
_viz_config[_viz_0].min_value = -1
_viz_config[_viz_0].x = -1.8488306493877547
_viz_config[_viz_0].y = 2.7238915469345653
_viz_config[_viz_0].width = 0.38538903959463994
_viz_config[_viz_0].height = 0.9152989690372699
_viz_config[_viz_0].label_visible = True
_viz_1 = nengo_gui.components.Slider(scared_stim)
_viz_config[_viz_1].max_value = 1
_viz_config[_viz_1].min_value = -1
_viz_config[_viz_1].x = -1.7794606222607188
_viz_config[_viz_1].y = -1.0631356549819906
_viz_config[_viz_1].width = 0.38538903959463994
_viz_config[_viz_1].height = 0.9152989690372699
_viz_config[_viz_1].label_visible = True
_viz_2 = nengo_gui.components.XYValue(desired_direction)
_viz_config[_viz_2].max_value = 1
_viz_config[_viz_2].min_value = -1
_viz_config[_viz_2].index_x = 0
_viz_config[_viz_2].index_y = 1
_viz_config[_viz_2].x = -0.26113265339636726
_viz_config[_viz_2].y = 5.163592567282911
_viz_config[_viz_2].width = 0.8964089769141427
_viz_config[_viz_2].height = 1.0644856600855443
_viz_config[_viz_2].label_visible = True
_viz_3 = nengo_gui.components.XYValue(position)
_viz_config[_viz_3].max_value = 1
_viz_config[_viz_3].min_value = -1
_viz_config[_viz_3].index_x = 0
_viz_config[_viz_3].index_y = 1
_viz_config[_viz_3].x = 3.37563631189795
_viz_config[_viz_3].y = 4.751926433813952
_viz_config[_viz_3].width = 0.8964089769141427
_viz_config[_viz_3].height = 1.0644856600855443
_viz_config[_viz_3].label_visible = True
_viz_ace_editor = nengo_gui.components.AceEditor()
_viz_net_graph = nengo_gui.components.NetGraph()
_viz_sim_control = nengo_gui.components.SimControl()
_viz_config[_viz_sim_control].shown_time = 0.5
_viz_config[_viz_sim_control].kept_time = 4.0
_viz_config[desired_direction].pos=(-0.2347664348216134, 3.3514974338835426)
_viz_config[desired_direction].size=(0.2425564744994889, 0.4282637752881602)
_viz_config[desired_direction_stim].pos=(-1.1564810379196713, 3.3514974338835426)
_viz_config[desired_direction_stim].size=(0.19404517959959114, 0.34261102023052814)
_viz_config[do_desired].pos=(0.7354594631763418, 3.3514974338835426)
_viz_config[do_desired].size=(0.2425564744994889, 0.4282637752881602)
_viz_config[do_home].pos=(3.646137157170209, 2.066706108019062)
_viz_config[do_home].size=(0.2425564744994889, 0.4282637752881602)
_viz_config[model].pos=(3.0350680138391275, 1.6798873683561333)
_viz_config[model].size=(0.1162276473049322, 0.1162276473049322)
_viz_config[model].expanded=True
_viz_config[model].has_layout=True
_viz_config[motor].pos=(1.7056853611742984, 3.3514974338835426)
_viz_config[motor].size=(0.2425564744994889, 0.4282637752881602)
_viz_config[position].pos=(2.6759112591722536, 2.109532485547878)
_viz_config[position].size=(0.2425564744994889, 0.4282637752881602)
_viz_config[scared].pos=(-0.2347664348216134, -0.41722378865226695)
_viz_config[scared].size=(0.2425564744994889, 0.4282637752881602)
_viz_config[scared_stim].pos=(-1.1564810379196713, -0.41722378865226695)
_viz_config[scared_stim].size=(0.19404517959959114, 0.34261102023052814)