_viz_0 = nengo_gui.components.Value(acc)
_viz_config[_viz_0].max_value = 1
_viz_config[_viz_0].min_value = -1
_viz_config[_viz_0].show_legend = False
_viz_config[_viz_0].legend_labels = ['label_0']
_viz_config[_viz_0].synapse = 0.01
_viz_config[_viz_0].x = 1.0349395900652592
_viz_config[_viz_0].y = 3.0500460470478266
_viz_config[_viz_0].width = 0.7385503501013181
_viz_config[_viz_0].height = 0.8313201302508461
_viz_config[_viz_0].label_visible = True
_viz_2 = nengo_gui.components.Slider(stim)
_viz_config[_viz_2].max_value = 1
_viz_config[_viz_2].min_value = -1
_viz_config[_viz_2].x = -0.013368453441647941
_viz_config[_viz_2].y = 0.5525695078900857
_viz_config[_viz_2].width = 0.28064765095906913
_viz_config[_viz_2].height = 0.6665381710277891
_viz_config[_viz_2].label_visible = True
_viz_ace_editor = nengo_gui.components.AceEditor()
_viz_net_graph = nengo_gui.components.NetGraph()
_viz_sim_control = nengo_gui.components.SimControl()
_viz_config[_viz_sim_control].shown_time = 0.5
_viz_config[_viz_sim_control].kept_time = 4.0
_viz_config[acc].pos=(2.1038095635262914, 1.761642683669374)
_viz_config[acc].size=(0.6232953179012903, 0.44714664110309954)
_viz_config[model].pos=(1.0749965577702891, 0.29523186540488416)
_viz_config[model].size=(0.24308726082737328, 0.24308726082737328)
_viz_config[model].expanded=True
_viz_config[model].has_layout=True
_viz_config[stim].pos=(-0.26471264449861165, 3.0136532787580532)
_viz_config[stim].size=(0.49863625432103226, 0.35771731288247965)
_viz_config[urgency].pos=(-0.26471264449861165, 0.5096320885806951)
_viz_config[urgency].size=(0.49863625432103226, 0.35771731288247965)