_viz_1 = nengo_gui.components.Value(a)
_viz_config[_viz_1].max_value = 1
_viz_config[_viz_1].min_value = -1
_viz_config[_viz_1].show_legend = False
_viz_config[_viz_1].legend_labels = ['label_0', 'label_1', 'label_2']
_viz_config[_viz_1].synapse = 0.01
_viz_config[_viz_1].x = 6.47026096584916
_viz_config[_viz_1].y = 4.5509020239359925
_viz_config[_viz_1].width = 2.425252693703559
_viz_config[_viz_1].height = 2.4857983527774348
_viz_config[_viz_1].label_visible = True
_viz_2 = nengo_gui.components.Slider(stim_b)
_viz_config[_viz_2].max_value = 1
_viz_config[_viz_2].min_value = -1
_viz_config[_viz_2].x = -5.698484513981198
_viz_config[_viz_2].y = -4.791099571117584
_viz_config[_viz_2].width = 0.6834827313600326
_viz_config[_viz_2].height = 1.6650089474677376
_viz_config[_viz_2].label_visible = True
_viz_4 = nengo_gui.components.Slider(stim_a)
_viz_config[_viz_4].max_value = 1
_viz_config[_viz_4].min_value = -1
_viz_config[_viz_4].x = -6.17447145448139
_viz_config[_viz_4].y = 4.509684376351725
_viz_config[_viz_4].width = 0.6892433696496106
_viz_config[_viz_4].height = 1.7473586675587773
_viz_config[_viz_4].label_visible = True
_viz_ace_editor = nengo_gui.components.AceEditor()
_viz_net_graph = nengo_gui.components.NetGraph()
_viz_sim_control = nengo_gui.components.SimControl()
_viz_config[_viz_sim_control].shown_time = 0.5
_viz_config[_viz_sim_control].kept_time = 4.0
_viz_config[a].pos=(6.631980871928955, -0.35138740747083475)
_viz_config[a].size=(2.443647032384833, 1.7530511319282496)
_viz_config[model].pos=(8.333445768059526, 12.278393461726196)
_viz_config[model].size=(0.04617322876341662, 0.04617322876341662)
_viz_config[model].expanded=True
_viz_config[model].has_layout=True
_viz_config[stim_a].pos=(-2.65387785113341, 4.557155761928266)
_viz_config[stim_a].size=(1.9549176259078662, 1.4024409055425997)
_viz_config[stim_b].pos=(-2.65387785113341, -5.259930576869933)
_viz_config[stim_b].size=(1.9549176259078662, 1.4024409055425997)