_viz_1 = nengo_gui.components.Value(a)
_viz_config[_viz_1].max_value = 1
_viz_config[_viz_1].min_value = -1
_viz_config[_viz_1].show_legend = False
_viz_config[_viz_1].legend_labels = ['label_0', 'label_1']
_viz_config[_viz_1].synapse = 0.01
_viz_config[_viz_1].x = -0.052153675451739205
_viz_config[_viz_1].y = 2.8969446014981575
_viz_config[_viz_1].width = 0.6869680132903144
_viz_config[_viz_1].height = 0.7655852245703351
_viz_config[_viz_1].label_visible = True
_viz_2 = nengo_gui.components.Slider(stim_b)
_viz_config[_viz_2].max_value = 1
_viz_config[_viz_2].min_value = -1
_viz_config[_viz_2].x = -2.3828282464554515
_viz_config[_viz_2].y = -1.0330819364161175
_viz_config[_viz_2].width = 0.3848359771095286
_viz_config[_viz_2].height = 0.7672824943963447
_viz_config[_viz_2].label_visible = True
_viz_3 = nengo_gui.components.Value(b)
_viz_config[_viz_3].max_value = 1
_viz_config[_viz_3].min_value = -1
_viz_config[_viz_3].show_legend = False
_viz_config[_viz_3].legend_labels = ['label_0']
_viz_config[_viz_3].synapse = 0.01
_viz_config[_viz_3].x = -0.21510790932389853
_viz_config[_viz_3].y = -2.7077593350453575
_viz_config[_viz_3].width = 0.6995942591159603
_viz_config[_viz_3].height = 0.9129025608715058
_viz_config[_viz_3].label_visible = True
_viz_4 = nengo_gui.components.Slider(stim_a)
_viz_config[_viz_4].max_value = 1
_viz_config[_viz_4].min_value = -1
_viz_config[_viz_4].x = -2.2949634465283597
_viz_config[_viz_4].y = 1.9642684169612594
_viz_config[_viz_4].width = 0.3812898472324012
_viz_config[_viz_4].height = 0.8717553093189727
_viz_config[_viz_4].label_visible = True
_viz_ace_editor = nengo_gui.components.AceEditor()
_viz_net_graph = nengo_gui.components.NetGraph()
_viz_sim_control = nengo_gui.components.SimControl()
_viz_config[_viz_sim_control].shown_time = 0.5
_viz_config[_viz_sim_control].kept_time = 4.0
_viz_config[a].pos=(0.36523743305653067, 0.09332579180277412)
_viz_config[a].size=(0.6973671955665222, 0.8034882905440364)
_viz_config[b].pos=(3.15470621532262, 0.09332579180277412)
_viz_config[b].size=(0.6973671955665222, 0.8034882905440364)
_viz_config[model].pos=(3.191335264332732, 3.6027203446997933)
_viz_config[model].size=(0.13527969660928843, 0.13527969660928843)
_viz_config[model].expanded=True
_viz_config[model].has_layout=True
_viz_config[stim_a].pos=(-2.2847579100962534, 2.3430930053260766)
_viz_config[stim_a].size=(0.5578937564532177, 0.6427906324352292)
_viz_config[stim_b].pos=(-2.2847579100962534, -2.156441421720528)
_viz_config[stim_b].size=(0.5578937564532177, 0.6427906324352292)