_viz_1 = nengo_gui.components.Value(a)
_viz_config[_viz_1].max_value = 1
_viz_config[_viz_1].min_value = -1
_viz_config[_viz_1].show_legend = False
_viz_config[_viz_1].legend_labels = ['label_0', 'label_1']
_viz_config[_viz_1].synapse = 0.01
_viz_config[_viz_1].x = 0.40075176709777915
_viz_config[_viz_1].y = 1.4895309671114472
_viz_config[_viz_1].width = 0.40880276969780033
_viz_config[_viz_1].height = 0.5013096072253537
_viz_config[_viz_1].label_visible = True
_viz_2 = nengo_gui.components.Slider(stim_b)
_viz_config[_viz_2].max_value = 1
_viz_config[_viz_2].min_value = -1
_viz_config[_viz_2].x = -1.5398703556741629
_viz_config[_viz_2].y = -0.3965406573517854
_viz_config[_viz_2].width = 0.19031418830661875
_viz_config[_viz_2].height = 0.5619749954478047
_viz_config[_viz_2].label_visible = True
_viz_4 = nengo_gui.components.Slider(stim_a)
_viz_config[_viz_4].max_value = 1
_viz_config[_viz_4].min_value = -1
_viz_config[_viz_4].x = -1.5168484704225516
_viz_config[_viz_4].y = 1.6870649567235692
_viz_config[_viz_4].width = 0.2429794740569066
_viz_config[_viz_4].height = 0.5637715241119031
_viz_config[_viz_4].label_visible = True
_viz_ace_editor = nengo_gui.components.AceEditor()
_viz_net_graph = nengo_gui.components.NetGraph()
_viz_sim_control = nengo_gui.components.SimControl()
_viz_config[_viz_sim_control].shown_time = 0.5
_viz_config[_viz_sim_control].kept_time = 4.0
_viz_config[a].pos=(0.3369341065864393, 0.38944429515068846)
_viz_config[a].size=(0.3406537970565229, 0.39249241834773285)
_viz_config[model].pos=(1.9434848785634116, 2.2819081846493012)
_viz_config[model].size=(0.2083734959615664, 0.2083734959615664)
_viz_config[model].expanded=True
_viz_config[model].has_layout=True
_viz_config[stim_a].pos=(-0.9575503222283476, 1.488423066524341)
_viz_config[stim_a].size=(0.2725230376452183, 0.3139939346781863)
_viz_config[stim_b].pos=(-0.9575503222283476, -0.7095344762229636)
_viz_config[stim_b].size=(0.2725230376452183, 0.3139939346781863)