_viz_ace_editor = nengo_gui.components.AceEditor()
_viz_net_graph = nengo_gui.components.NetGraph()
_viz_sim_control = nengo_gui.components.SimControl()
_viz_config[_viz_sim_control].shown_time = 0.5
_viz_config[_viz_sim_control].kept_time = 4.0
_viz_config[desired_direction].pos=(-0.2347664348216134, 3.3514974338835426)
_viz_config[desired_direction].size=(0.2425564744994889, 0.4282637752881602)
_viz_config[desired_direction_stim].pos=(-1.1564810379196713, 3.3514974338835426)
_viz_config[desired_direction_stim].size=(0.19404517959959114, 0.34261102023052814)
_viz_config[do_desired].pos=(0.7354594631763418, 3.3514974338835426)
_viz_config[do_desired].size=(0.2425564744994889, 0.4282637752881602)
_viz_config[do_home].pos=(3.646137157170209, 2.066706108019062)
_viz_config[do_home].size=(0.2425564744994889, 0.4282637752881602)
_viz_config[model].pos=(1.471804454769007, 1.2737513392285873)
_viz_config[model].size=(0.18242262014206798, 0.18242262014206798)
_viz_config[model].expanded=True
_viz_config[model].has_layout=True
_viz_config[motor].pos=(1.7056853611742984, 3.3514974338835426)
_viz_config[motor].size=(0.2425564744994889, 0.4282637752881602)
_viz_config[position].pos=(2.6759112591722536, 2.109532485547878)
_viz_config[position].size=(0.2425564744994889, 0.4282637752881602)
_viz_config[scared].pos=(-0.2347664348216134, -0.41722378865226695)
_viz_config[scared].size=(0.2425564744994889, 0.4282637752881602)
_viz_config[scared_stim].pos=(-1.1564810379196713, -0.41722378865226695)
_viz_config[scared_stim].size=(0.19404517959959114, 0.34261102023052814)