_viz_1 = nengo_gui.components.Value(a)
_viz_config[_viz_1].max_value = 1
_viz_config[_viz_1].min_value = -1
_viz_config[_viz_1].show_legend = False
_viz_config[_viz_1].legend_labels = ['label_0', 'label_1']
_viz_config[_viz_1].synapse = 0.01
_viz_config[_viz_1].x = 1.0094772115314057
_viz_config[_viz_1].y = 0.5171496887367829
_viz_config[_viz_1].width = 0.5211725439616499
_viz_config[_viz_1].height = 0.5316048057913721
_viz_config[_viz_1].label_visible = True
_viz_2 = nengo_gui.components.Slider(stim)
_viz_config[_viz_2].max_value = 1
_viz_config[_viz_2].min_value = -1
_viz_config[_viz_2].x = -0.013368453441647941
_viz_config[_viz_2].y = 0.5525695078900857
_viz_config[_viz_2].width = 0.28064765095906913
_viz_config[_viz_2].height = 0.6665381710277891
_viz_config[_viz_2].label_visible = True
_viz_ace_editor = nengo_gui.components.AceEditor()
_viz_net_graph = nengo_gui.components.NetGraph()
_viz_sim_control = nengo_gui.components.SimControl()
_viz_config[_viz_sim_control].shown_time = 0.5
_viz_config[_viz_sim_control].kept_time = 4.0
_viz_config[a].pos=(2.1038095635262914, 1.761642683669374)
_viz_config[a].size=(0.6232953179012903, 1.028437274537129)
_viz_config[model].pos=(1.0749965577702891, 0.29523186540488416)
_viz_config[model].size=(0.24308726082737328, 0.24308726082737328)
_viz_config[model].expanded=True
_viz_config[model].has_layout=True
_viz_config[stim].pos=(-0.26471264449861165, 1.761642683669374)
_viz_config[stim].size=(0.49863625432103226, 0.8227498196297033)