_viz_0 = nengo_gui.components.Value(acc)
_viz_config[_viz_0].max_value = 1
_viz_config[_viz_0].min_value = -1
_viz_config[_viz_0].show_legend = False
_viz_config[_viz_0].legend_labels = ['label_0']
_viz_config[_viz_0].synapse = 0.01
_viz_config[_viz_0].x = 1.0349395900652592
_viz_config[_viz_0].y = 3.0500460470478266
_viz_config[_viz_0].width = 0.7385503501013181
_viz_config[_viz_0].height = 0.8313201302508461
_viz_config[_viz_0].label_visible = True
_viz_1 = nengo_gui.components.Value(choice)
_viz_config[_viz_1].max_value = 1
_viz_config[_viz_1].min_value = -1
_viz_config[_viz_1].show_legend = False
_viz_config[_viz_1].legend_labels = ['label_0']
_viz_config[_viz_1].synapse = 0.01
_viz_config[_viz_1].x = 2.334699111476303
_viz_config[_viz_1].y = 0.5160908733966282
_viz_config[_viz_1].width = 0.4811402453974873
_viz_config[_viz_1].height = 0.5713540414095162
_viz_config[_viz_1].label_visible = True
_viz_2 = nengo_gui.components.Slider(stim)
_viz_config[_viz_2].max_value = 1
_viz_config[_viz_2].min_value = -1
_viz_config[_viz_2].x = -0.013368453441647941
_viz_config[_viz_2].y = 0.5525695078900857
_viz_config[_viz_2].width = 0.28064765095906913
_viz_config[_viz_2].height = 0.6665381710277891
_viz_config[_viz_2].label_visible = True
_viz_ace_editor = nengo_gui.components.AceEditor()
_viz_net_graph = nengo_gui.components.NetGraph()
_viz_sim_control = nengo_gui.components.SimControl()
_viz_config[_viz_sim_control].shown_time = 0.5
_viz_config[_viz_sim_control].kept_time = 4.0
_viz_config[acc].pos=(0.9042600837917327, 1.761642683669374)
_viz_config[acc].size=(0.38808953756118075, 1.028437274537129)
_viz_config[choice].pos=(2.456618234036456, 1.761642683669374)
_viz_config[choice].size=(0.38808953756118075, 1.028437274537129)
_viz_config[model].pos=(1.0749965577702891, 0.29523186540488416)
_viz_config[model].size=(0.24308726082737328, 0.24308726082737328)
_viz_config[model].expanded=True
_viz_config[model].has_layout=True
_viz_config[stim].pos=(-0.5704801589407541, 1.761642683669374)
_viz_config[stim].size=(0.3104716300489446, 0.8227498196297033)