_viz_0 = nengo_gui.components.Pointer(state,target='default')
_viz_config[_viz_0].show_pairs = False
_viz_config[_viz_0].max_size = 1000.0
_viz_config[_viz_0].x = -1.7496514082806554
_viz_config[_viz_0].y = -5.981438191775304
_viz_config[_viz_0].width = 2.4013657030429636
_viz_config[_viz_0].height = 2.8516217723635195
_viz_config[_viz_0].label_visible = True
_viz_1 = nengo_gui.components.Value(q)
_viz_config[_viz_1].max_value = 1
_viz_config[_viz_1].min_value = -1
_viz_config[_viz_1].show_legend = False
_viz_config[_viz_1].legend_labels = ['label_0', 'label_1', 'label_2', 'label_3']
_viz_config[_viz_1].synapse = 0.01
_viz_config[_viz_1].x = 9.902743239258315
_viz_config[_viz_1].y = 1.914646046891762
_viz_config[_viz_1].width = 2.8895818988383537
_viz_config[_viz_1].height = 3.431378504870545
_viz_config[_viz_1].label_visible = True
_viz_ace_editor = nengo_gui.components.AceEditor()
_viz_net_graph = nengo_gui.components.NetGraph()
_viz_sim_control = nengo_gui.components.SimControl()
_viz_config[_viz_sim_control].shown_time = 0.5
_viz_config[_viz_sim_control].kept_time = 4.0
_viz_config[model].pos=(12.062997757241591, 10.912039796982022)
_viz_config[model].size=(0.04047612022158095, 0.04047612022158095)
_viz_config[model].expanded=True
_viz_config[model].has_layout=True
_viz_config[q].pos=(4.809461898066554, 1.8525958615001272)
_viz_config[q].size=(2.258976229380345, 4.9697477046367595)
_viz_config[q].expanded=True
_viz_config[q].has_layout=True
_viz_config[q.ea_ensembles[0]].pos=(0.49999999999999994, 0.09090909090909091)
_viz_config[q.ea_ensembles[0]].size=(0.09803921568627451, 0.04545454545454545)
_viz_config[q.ea_ensembles[1]].pos=(0.49999999999999994, 0.36363636363636365)
_viz_config[q.ea_ensembles[1]].size=(0.09803921568627451, 0.04545454545454545)
_viz_config[q.ea_ensembles[2]].pos=(0.49999999999999994, 0.6363636363636362)
_viz_config[q.ea_ensembles[2]].size=(0.09803921568627451, 0.04545454545454545)
_viz_config[q.ea_ensembles[3]].pos=(0.49999999999999994, 0.9090909090909091)
_viz_config[q.ea_ensembles[3]].size=(0.09803921568627451, 0.04545454545454545)
_viz_config[q.input].pos=(0.12745098039215685, 0.5)
_viz_config[q.input].size=(0.07843137254901959, 0.03636363636363636)
_viz_config[q.output].pos=(0.872549019607843, 0.5)
_viz_config[q.output].size=(0.07843137254901959, 0.03636363636363636)
_viz_config[state].pos=(-1.9674667900744804, 1.8525958615001272)
_viz_config[state].size=(2.258976229380345, 4.9697477046367595)
_viz_config[state].expanded=False
_viz_config[state].has_layout=False
_viz_config[state.state_ensembles].expanded=False
_viz_config[state.state_ensembles].has_layout=False